560 0 0.3011941909790039
560 1 0.4308026134967804
560 2 0.5317515134811401
560 3 0.4493289589881897
560 4 0.3678794503211975
560 5 0.1353352814912796
560 6 0.4786229729652405
560 7 0.5907775163650513
560 8 0.49658530950546265
560 9 0.2865048050880432
560 10 0.5317515134811401
560 11 0.4111122786998749
560 12 0.6703200340270996
560 13 0.49658530950546265
560 14 0.2741396427154541
560 15 0.252839595079422
560 16 0.19691167771816254
560 17 0.904837429523468
560 18 0.32919296622276306
560 19 0.19691167771816254
560 20 0.4786229729652405
560 21 0.6065306663513184
560 22 0.4493289589881897
560 23 0.2741396427154541
560 24 0.1353352814912796
560 25 0.19691167771816254
560 26 0.5907775163650513
560 27 0.4111122786998749
560 28 0.3083651661872864
560 29 0.4493289589881897
560 30 0.31414684653282166
560 31 0.23587709665298462
560 32 0.17377394437789917
560 33 0.38776010274887085
560 34 0.5488116145133972
560 35 0.3083651661872864
560 36 0.4786229729652405
560 37 0.740818202495575
560 38 0.4493289589881897
560 39 0.3678794503211975
560 40 0.3083651661872864
560 41 0.19691167771816254
560 42 0.2945748269557953
560 43 0.6703200340270996
560 44 0.6065306663513184
560 45 0.32919296622276306
560 46 0.49658530950546265
560 47 0.2827596962451935
560 48 0.22313016653060913
560 49 0.33287107944488525
560 50 0.6065306663513184
560 51 0.4308026134967804
560 52 0.2827596962451935
560 53 0.3678794503211975
560 54 0.32919296622276306
560 55 0.2290799468755722
560 56 0.4308026134967804
560 57 0.17377394437789917
560 58 0.3678794503211975
560 59 0.11731917411088943
560 60 0.1353352814912796
560 61 0.51341712474823
560 62 0.43887993693351746
560 63 0.4308026134967804
560 64 0.32919296622276306
560 65 0.32919296622276306
560 66 0.5317515134811401
560 67 0.19691167771816254
560 68 0.34901806712150574
560 69 0.5488116145133972
560 70 0.19691167771816254
560 71 0.4308026134967804
560 72 0.2945748269557953
560 73 0.3678794503211975
560 74 0.26359713077545166
560 75 0.49658530950546265
560 76 0.5317515134811401
560 77 0.3083651661872864
560 78 0.5488116145133972
560 79 0.4786229729652405
560 80 0.5488116145133972
560 81 0.5488116145133972
560 82 0.3678794503211975
560 83 0.5488116145133972
560 84 0.15463826060295105
560 85 0.740818202495575
560 86 0.5488116145133972
560 87 0.4308026134967804
560 88 0.5488116145133972
560 89 0.49658530950546265
560 90 0.4493289589881897
560 91 0.3083651661872864
560 92 0.4786229729652405
560 93 0.49658530950546265
560 94 0.49658530950546265
560 95 0.19691167771816254
560 96 0.38776010274887085
560 97 0.5488116145133972
560 98 0.34686362743377686
560 99 0.4308026134967804
560 100 0.3678794503211975
560 101 0.4065696597099304
560 102 0.6065306663513184
560 103 0.5488116145133972
560 104 0.5488116145133972
560 105 0.5488116145133972
560 106 0.15463826060295105
560 107 0.34901806712150574
560 108 0.38776010274887085
560 109 0.2945748269557953
560 110 0.32919296622276306
560 111 0.34901806712150574
560 112 0.32919296622276306
560 113 0.3678794503211975
560 114 0.49658530950546265
560 115 0.4308026134967804
560 116 0.5488116145133972
560 117 0.4308026134967804
560 118 0.6563555598258972
560 119 0.4786229729652405
560 120 0.6065306663513184
560 121 0.3678794503211975
560 122 0.39016854763031006
560 123 0.4065696597099304
560 124 0.25450849533081055
560 125 0.34901806712150574
560 126 0.5488116145133972
560 127 0.5488116145133972
560 128 0.4065696597099304
560 129 0.31414684653282166
560 130 0.38776010274887085
560 131 0.6065306663513184
560 132 0.4308026134967804
560 133 0.4786229729652405
560 134 0.38776010274887085
560 135 0.2741396427154541
560 136 0.4111122786998749
560 137 0.4308026134967804
560 138 0.5488116145133972
560 139 0.3678794503211975
560 140 0.49658530950546265
560 141 0.5488116145133972
560 142 0.3678794503211975
560 143 0.49658530950546265
560 144 0.21666307747364044
560 145 0.38776010274887085
560 146 0.3011941909790039
560 147 0.5737534165382385
560 148 0.4493289589881897
560 149 0.4786229729652405
560 150 0.4111122786998749
560 151 0.34901806712150574
560 152 0.4111122786998749
560 153 0.5317515134811401
560 154 0.32919296622276306
560 155 0.4786229729652405
560 156 0.4111122786998749
560 157 0.49658530950546265
560 158 0.4786229729652405
560 159 0.3011941909790039
560 160 0.3083651661872864
560 161 0.2945748269557953
560 162 0.26359713077545166
560 163 0.4308026134967804
560 164 0.26359713077545166
560 165 0.3678794503211975
560 166 0.38776010274887085
560 167 0.31414684653282166
560 168 0.6703200340270996
560 169 0.4786229729652405
560 170 0.4786229729652405
560 171 0.4308026134967804
560 172 0.49658530950546265
560 173 0.4493289589881897
560 174 0.4493289589881897
560 175 0.5488116145133972
560 176 0.3678794503211975
560 177 0.49658530950546265
560 178 0.6065306663513184
560 179 0.3083651661872864
560 180 0.4308026134967804
560 181 0.49658530950546265
560 182 0.4111122786998749
560 183 0.38776010274887085
560 184 0.22313016653060913
560 185 0.49658530950546265
560 186 0.3678794503211975
560 187 0.4786229729652405
560 188 0.5907775163650513
560 189 0.4786229729652405
560 190 0.34901806712150574
560 191 0.34901806712150574
560 192 0.31414684653282166
560 193 0.38776010274887085
560 194 0.4493289589881897
560 195 0.49658530950546265
560 196 0.5488116145133972
560 197 0.4493289589881897
560 198 0.5488116145133972
560 199 0.17377394437789917
560 200 0.33287107944488525
560 201 0.4308026134967804
560 202 0.4111122786998749
560 203 0.6703200340270996
560 204 0.4786229729652405
560 205 0.4786229729652405
560 206 0.6065306663513184
560 207 0.5488116145133972
560 208 0.15611805021762848
560 209 0.3678794503211975
560 210 0.2741396427154541
560 211 0.45942580699920654
560 212 0.4065696597099304
560 213 0.252839595079422
560 214 0.740818202495575
560 215 0.51341712474823
560 216 0.34901806712150574
560 217 0.4065696597099304
560 218 0.2945748269557953
560 219 0.6703200340270996
560 220 0.4493289589881897
560 221 0.4786229729652405
560 222 0.3083651661872864
560 223 0.740818202495575
560 224 0.6703200340270996
560 225 0.32919296622276306
560 226 0.5488116145133972
560 227 0.32919296622276306
560 228 0.49658530950546265
560 229 0.5317515134811401
560 230 0.4786229729652405
560 231 0.49658530950546265
560 232 0.49658530950546265
560 233 0.26359713077545166
560 234 0.4111122786998749
560 235 0.4786229729652405
560 236 0.3011941909790039
560 237 0.49658530950546265
560 238 0.4786229729652405
560 239 0.5488116145133972
560 240 0.1353352814912796
560 241 0.4786229729652405
560 242 0.6065306663513184
560 243 0.5488116145133972
560 244 0.4308026134967804
560 245 0.4308026134967804
560 246 0.49658530950546265
560 247 0.49658530950546265
560 248 0.0627102181315422
560 249 0.6563555598258972
560 250 0.38776010274887085
560 251 0.11731917411088943
560 252 0.08816268295049667
560 253 0.3083651661872864
560 254 0.4111122786998749
560 255 0.34901806712150574
560 256 0.51341712474823
560 257 0.4786229729652405
560 258 0.32919296622276306
560 259 0.2741396427154541
560 260 0.5317515134811401
560 261 0.4493289589881897
560 262 0.4065696597099304
560 263 0.22313016653060913
560 264 0.4786229729652405
560 265 0.49658530950546265
560 266 0.49658530950546265
560 267 0.2741396427154541
560 268 0.4493289589881897
560 269 0.38776010274887085
560 270 0.33287107944488525
560 271 0.2741396427154541
560 272 0.3678794503211975
560 273 0.4308026134967804
560 274 0.4493289589881897
560 275 0.4493289589881897
560 276 0.5488116145133972
560 277 0.3678794503211975
560 278 0.5488116145133972
560 279 0.51341712474823
560 280 0.6065306663513184
560 281 0.3678794503211975
560 282 0.3083651661872864
560 283 0.09508907049894333
560 284 0.3678794503211975
560 285 0.3678794503211975
560 286 0.5317515134811401
560 287 0.5488116145133972
560 288 0.5317515134811401
560 289 0.34686362743377686
560 290 0.4786229729652405
560 291 0.49658530950546265
560 292 0.24371281266212463
560 293 0.5488116145133972
560 294 0.740818202495575
560 295 0.39016854763031006
560 296 0.6065306663513184
560 297 0.24371281266212463
560 298 0.042143840342760086
560 299 0.4308026134967804
560 300 0.3678794503211975
560 301 0.4786229729652405
560 302 0.34901806712150574
560 303 0.4493289589881897
560 304 0.6703200340270996
560 305 0.34686362743377686
560 306 0.33287107944488525
560 307 0.32919296622276306
560 308 0.6065306663513184
560 309 0.49658530950546265
560 310 0.4493289589881897
560 311 0.32919296622276306
560 312 0.4308026134967804
560 313 0.4111122786998749
560 314 0.4493289589881897
560 315 0.4493289589881897
560 316 0.4493289589881897
560 317 0.4308026134967804
560 318 0.49658530950546265
560 319 0.4065696597099304
560 320 0.5488116145133972
560 321 0.6065306663513184
560 322 0.2741396427154541
560 323 0.4786229729652405
560 324 0.33287107944488525
560 325 0.38776010274887085
560 326 0.6703200340270996
560 327 0.5317515134811401
560 328 0.4308026134967804
560 329 0.5488116145133972
560 330 0.8187307715415955
560 331 0.5737534165382385
560 332 0.3678794503211975
560 333 0.4786229729652405
560 334 0.49658530950546265
560 335 0.6065306663513184
560 336 0.4493289589881897
560 337 0.6703200340270996
560 338 0.3011941909790039
560 339 0.38776010274887085
560 340 0.4493289589881897
560 341 0.4065696597099304
560 342 0.4493289589881897
560 343 0.39016854763031006
560 344 0.51341712474823
560 345 0.252839595079422
560 346 0.4308026134967804
560 347 0.49658530950546265
560 348 0.4786229729652405
560 349 0.38776010274887085
560 350 0.252839595079422
560 351 0.5488116145133972
560 352 0.5907775163650513
560 353 0.4786229729652405
560 354 0.6065306663513184
560 355 0.08816268295049667
560 356 0.19691167771816254
560 357 0.6065306663513184
560 358 0.3678794503211975
560 359 0.34901806712150574
560 360 0.5488116145133972
560 361 0.49658530950546265
560 362 0.49658530950546265
560 363 0.4111122786998749
560 364 0.32919296622276306
560 365 0.49658530950546265
560 366 0.6065306663513184
560 367 0.2741396427154541
560 368 0.6065306663513184
560 369 0.6065306663513184
560 370 0.4065696597099304
560 371 0.2018965184688568
560 372 0.5907775163650513
560 373 0.5907775163650513
560 374 0.4065696597099304
560 375 0.6703200340270996
560 376 0.5737534165382385
560 377 0.740818202495575
560 378 0.5488116145133972
560 379 0.6703200340270996
560 380 0.5907775163650513
560 381 0.5488116145133972
560 382 0.4493289589881897
560 383 0.6065306663513184
560 384 0.4308026134967804
560 385 0.4065696597099304
560 386 0.49658530950546265
560 387 0.6703200340270996
560 388 0.4308026134967804
560 389 0.09508907049894333
560 390 0.09508907049894333
560 391 0.51341712474823
560 392 0.51341712474823
560 393 0.6065306663513184
560 394 0.6703200340270996
560 395 0.5317515134811401
560 396 0.4493289589881897
560 397 0.6563555598258972
560 398 0.4111122786998749
560 399 0.4111122786998749
560 400 0.6703200340270996
560 401 0.49658530950546265
560 402 0.49658530950546265
560 403 0.51341712474823
560 404 0.4065696597099304
560 405 0.49658530950546265
560 406 0.4493289589881897
560 407 0.2741396427154541
560 408 0.6703200340270996
560 409 0.22313016653060913
560 410 0.6065306663513184
560 411 0.5907775163650513
560 412 0.6065306663513184
560 413 0.5317515134811401
560 414 0.6703200340270996
560 415 0.252839595079422
560 416 0.4308026134967804
560 417 0.45942580699920654
560 418 0.4308026134967804
560 419 0.4308026134967804
